
66

(((((((((((((ancistrocheirus_lesueurii:0.0116126090,enoploteuthis_anapsis:0.0365609894)100:0.008377767683,(pterygioteuthis_gemmata:0.0518408497,selenoteuthis_scintillans:0.0263102613)100:0.009323230911)100:0.005335146839,((brachioteuthis_beanii:0.0255144107,(discoteuthis_sp:0.0009119007,spirula_spirula:0.0012681025)100:0.01083301238)100:0.005067911873,(((chiroteuthis_picteti:0.0185965699,(joubiniteuthis_portieri:0.0102677594,mastigoteuthis_agassizii:0.0129872110)100:0.002458534287)100:0.005714190093,(pholidoteuthis_adami:0.0041358361,pholidoteuthis_massyae:0.0039103720)100:0.01855456119)100:0.003867342596,octopoteuthis_nielseni:0.0235610173)100:0.003383847786)58:0.00143475026)100:0.002540546581,((architeuthis_dux:0.0164619209,histioteuthis_corona_inermis:0.0233839693)52:0.002257863504,(gonatus_onyx:0.0435150511,onychoteuthis_banksii:0.0313729254)64:0.006897164249)59:0.001324068885)100:0.003682682429,((cranchia_scabra:0.0293212426,galituethis_sp:0.0214598371)100:0.004735271404,(nototodarus_hawaiiensis:0.0331300903,thysanoteuthis_rhombus:0.0192682012)100:0.004130388641)100:0.004629051141)100:0.008204385388,(bathyteuthis_abyssicola:0.0169525680,chtenopteryx_sicula:0.0273209664)100:0.007841509564)100:0.005039690494,spirulaspirula--genome:0.0332388824)99:0.004318566839,(((metasepia_tulbergi:0.0097767975,sepia_latimanus:0.0069108505)96:0.00116917185,ascarosepionbandense--genome:0.0113427258)100:0.006055195294,(((sepia_pharaonis:0.0034239505,acanthosepionlycidas--genome:0.0032870671)100:0.002109538098,acanthosepionesculentum--genome:0.0050511880)100:0.006055927981,sepiaofficianalis--genome:0.0117681393)100:0.002290454208)100:0.02629756915)72:0.004128493182,(sepioteuthis_lessoniana:0.0181929080,(doryteuthisopalescens--genome:0.0048827013,doryteuthispealeii--genome:0.0046294507)100:0.02164539607)100:0.01918528484)100:0.008741478241,((heteroteuthis_hawaiensis:0.0229941211,(rossia_pacifica:0.0113127580,((sepiola_parva:0.0011281523,eumandyaparva--genome:0.0007986608)100:0.02745313999,(sepiettaobscura--genome:0.0153314050,(sepiolaatlantica--genome:0.0016188640,sepiolaaffinis--genome:0.0016984701)100:0.008758494047)100:0.006767457155)100:0.02547987182)100:0.005650099565)100:0.02317300402,(sepiadarium_kochi_mainland:0.0096595414,sepiadarium_kochi_okinawa:0.0062092915)100:0.0426704589)100:0.01373423201)100:0.02516315369,idiosepius_sp:0.0667728113)100:0.06029560374,((((((argonauta_hians:0.0836421227,(haliphron_atlanticus:0.0183992732,tremoctopus_violaceus:0.0323702361)100:0.01618492725)100:0.02710917897,(((hapalochlaena_lunulata:0.0218804188,(octopusbimaculoides--genome:0.0071692591,(octopussinensis--genome:0.0008437174,octopusvulgaris--genome:0.0008808410)100:0.008071869326)100:0.004111846097)100:0.002578277778,octopus_oliveri:0.0138861459)100:0.01263648297,octopusminor--genome:0.0216179678)100:0.01114333987)99:0.007087752017,(((benthoctopus_normani:0.0033727254,octopus_californicus:0.0036738975)100:0.001371268408,enteroctopus_dofleini:0.0032540482)100:0.02298229467,(japetella_diaphana:0.0222974985,pareledone_charcoti:0.0162058168)100:0.004351872497)91:0.004356203539)74:0.009743364037,eledone_cirrhosa:0.0403577514)100:0.05523405502,opisthoteuthis_californiana:0.0594932277)100:0.04153820805,vampyroteuthis_infernalis:0.0640678934)100:0.04100720452)100:0.06860451682,((engina_mendicaria:0.1447392136,gymnodoris_subflava:0.1239791171)100:0.04854809162,patelloida_saccharina:0.1541442456)100:0.03633450705,(nautiluspompilius--genome:0.0028699697,nautilus_macromphalus:0.0004164446)100:0.1347899056);

  0.0686045   0.0602956   0.0251632  0.00874148  0.00412849  0.00431857  0.00503969  0.00820439  0.00368268  0.00254055  0.00533515  0.00837777   0.0116126    0.036561  0.00932323   0.0518408   0.0263103  0.00143475  0.00506791   0.0255144    0.010833 0.000911901   0.0012681  0.00338385  0.00386734  0.00571419   0.0185966  0.00245853   0.0102678   0.0129872   0.0185546  0.00413584  0.00391037    0.023561  0.00132407  0.00225786   0.0164619    0.023384  0.00689716   0.0435151   0.0313729  0.00462905  0.00473527   0.0293212   0.0214598  0.00413039   0.0331301   0.0192682  0.00784151   0.0169526    0.027321   0.0332389   0.0262976   0.0060552  0.00116917   0.0097768  0.00691085   0.0113427  0.00229045  0.00605593  0.00210954  0.00342395  0.00328707  0.00505119   0.0117681   0.0191853   0.0181929   0.0216454   0.0048827  0.00462945   0.0137342    0.023173   0.0229941   0.0056501   0.0113128   0.0254799   0.0274531  0.00112815 0.000798661  0.00676746   0.0153314  0.00875849  0.00161886  0.00169847   0.0426705  0.00965954  0.00620929   0.0667728   0.0410072   0.0415382   0.0552341  0.00974336  0.00708775   0.0271092   0.0836421   0.0161849   0.0183993   0.0323702   0.0111433   0.0126365  0.00257828   0.0218804  0.00411185  0.00716926  0.00807187 0.000843717 0.000880841   0.0138861    0.021618   0.0043562   0.0229823  0.00137127  0.00337273   0.0036739  0.00325405  0.00435187   0.0222975   0.0162058   0.0403578   0.0594932   0.0640679     0.13479  0.00286997 0.000416445   0.0363345   0.0485481    0.144739    0.123979    0.154144

     1.00044    -0.512492     -1.84769     0.371178     -2.99823      14.1221   0.00343678     -5.32994     0.305102     -18.7769     -4.93512     0.436116     -1.33743  -0.00265871    -0.888397   -0.0028342     -2.10405     -25.7463     0.307881      1.19902     -1.37361      11.3521     0.468508     -5.29512     -2.65287     -3.12254     0.143055     -1.54341    -0.622427     -3.19401     -2.35829       5.9148     -0.87125     -2.24551      2.02936     -10.0957     -3.11285     -3.66894      5.24255 -0.000848783     -1.99656      3.04194     -2.95889     0.139015     -3.09097       1.6891     -2.60935     -4.20961      1.85407     -1.44653   -0.0257236   -0.0542725     -2.19236     -3.55491      26.6055      6.93773     0.824519     -1.15554      0.95067      2.60965       18.623      1.87862    -0.181022      0.38966    -0.854247     -3.97299     -1.71436    -0.403152     -0.46089     -4.29797     -1.70493     0.285475     -2.07924     -5.84328     0.434194   -0.0986428   0.00219998     -9.96619     0.326729      1.71814     -1.21947     -7.67717       9.7333    0.0148922    0.0290053     -1.42559     0.158607    -0.087517    -0.288565    -0.182237    -0.165724       0.9285     -3.05624     -1.21907    0.0758564   -0.0898355      0.82329     -1.37834     -2.18034      1.77378     -5.02991      -3.2609      -4.9487      2.64001      8.69966     -20.8134      14.7426     -3.69078       -1.965     -1.30515     -3.29447      24.4069      4.69733     0.800597      -10.092      6.42126    -0.543012      -3.7681    -0.475221   -0.0505935    -0.156965     0.167215      5.28733      24.0033     -1.32252     0.355919    0.0194766  0.000239073    -0.096561


Hessian 
     -287031     -24362.6     -9464.43     -4121.08     -5746.83        21491       7709.8     -13982.3      1870.42      6300.92      41691.3      34507.6      6097.29      11932.9     -8357.59     -3469.23      2578.99     -16394.2     -11483.3     -4267.43      21214.2      6631.18     -21086.7      6781.53       1406.7     -29100.2      18392.1     -18733.9     -6679.22      7454.87      4494.76      1391.39      819.102     -10688.2      22741.8      28787.6     -786.702     -5425.86     -12994.9     -9542.09      1620.53     -23236.7     -4938.25     -2565.22     -8264.32      7584.99      12793.4       5245.7     -2012.69      8355.27     -6074.01      2254.07      19249.5      19880.6      70396.3     -21958.1        14912     -13253.6     -2554.71     -14577.9      35120.3      6293.21     -1979.73      17846.7     -21061.3      15835.7     -2423.64     -6808.61     -22939.2      3050.05     -7876.81     -10627.1      5821.06     -23806.9      8269.65     -7958.62     -17442.5      5539.63      930.376     -15358.2      7304.58     -6721.36     -50632.8      4331.05     -126.263      12174.2      8098.76      -6975.5      1749.14      1693.61      5740.85     -13014.4     -21032.4      6297.27      6372.85      3781.12     -266.126      8069.82     -5334.96      17371.7      15484.9     -9469.42     -1202.44      20357.9     -8144.11      -149340      9940.48     -2260.31     -11657.7     -1135.43     -6532.39     -7922.04      44435.7     -23864.3     -10909.9      12626.8      8113.13      4168.34     -568.155      1649.84     -2719.38     -1326.86      1438.48     -37913.7     -1599.94      1468.36     -423.142      1007.47      1196.56
    -24362.6      -839550     -60188.4     -65684.3     -85328.5      -104154     -76447.1      -274177     -31150.9      -307944     -35361.1      -105067     -46656.1     -76378.9      -117666      -112283     -56775.9      -573001      -129821     -76193.1      -217509     -31965.6     -12312.8      -135743     -52959.7     -62904.2     -82289.3      -160319      -103467      -120064      -204265      61116.6      43788.9     -65948.2     -19132.6      -111003     -69025.6     -62708.9     -50986.8     -87160.6     -91979.3       -48833     -5091.45     -98187.4      -127680     -82949.4      -145194     -41753.9     -48217.5     -53576.4     -49741.4     -2926.02      -103579     -59544.6     -98592.1     -98886.5      22995.9      -107954     -18712.9     -74943.3      8771.68     -53187.8     -86352.5       -19791     -52082.7     -92251.5     -26600.4     -84850.6     -55070.8      20530.1     -93259.5     -98560.7     -29809.3      -134223      -148116     -81848.5     -63620.4     -39505.3      -255414      -155220      -141319      -116867      -231548      42848.6     -76617.9     -78365.5     -4806.87      -112608     -56319.6     -75891.8       -68249      -154030      -131761     -62940.7     -79586.8      -154495      -102428      -209995      -113812     -35425.5      17966.5      -100524      23682.4      -114843      -151155     -8558.87      -310017     -26306.5     -33678.2      -130952     -47708.4     -40577.2     -86463.4      -168671      51373.2     -39364.5     -58870.6      8488.77     -63393.3     -80343.4     -49234.4     -43647.9      -108307     -44374.9     -28843.3     -22904.2     -11624.7     -9713.17     -19051.4
    -9464.43     -60188.4 -2.23372e+06      -148074      -439758     -8878.31     -46501.5     -97898.1      -510137       116668      5220.72      -238660     -85458.2      -133011      -318339     -98650.8      -122972      50067.2     -21091.8      -187463      -163750       100643      99197.1      21991.6      63706.8      53785.4      -189887      -419660      4315.16     -62449.4     -24425.6      63257.1      15524.1      -137407     -49973.8      54934.2      -379409     -92797.7     -9155.53      -114342      -260865      -126349      9733.59     -55089.1      1274.48       -40719      -222667     -22396.7      -272152      -136333     -16298.6     -22075.2     -83786.2        43000      -238867     -32423.2     -98718.8      29155.6      -189057      -348153     -90620.5      -421478      -113415      -185544      -107438      -142257     -93875.6     -41366.6      -242587      89809.1      -167655      -235366     -45342.3      -127789      -162919      -144191     -64474.3      -296710 -1.39415e+06     -26148.3     -57926.9     -908.871     -85722.2     -72599.6     -83711.9      -128569      16420.5     -72331.7      -129463      -179364      -110272      -156277      -295809       -52226      -142172      -120888      -146489      -381122      -305757      -374556      70562.5      -217306      -538959      29628.7      -245977       124853 -1.38726e+06      -188262     -92226.4      -248266      -268109     -70686.8     -95539.6       113467      -163085      -228275     -82835.9     -5650.64      -113107      -149313      -100144     -49388.3     -57581.2       -50971     -14943.7     -3820.65     -25497.9     -1344.73     -12717.6
    -4121.08     -65684.3      -148074  -6.7634e+06      -419349      -622958      -194575      45877.8      -347704      33477.8      -620891      -255033      20572.4     -7247.97      -281363      -259849      -494501      -170010      -190916      -310389      74208.4     -54393.7      -470999       144833      -298042      94184.5      49038.2     -55640.5      37557.7      98393.6      -170537      -325800      -152086     -24121.2       109694      19033.4      -200925      47749.4      -114915      -129429      -102544      -121847     -71277.1      -184718     -60930.2      35868.4      -161236      30021.1     -47508.6     -56245.6     -41159.4     -87257.5      -290519       141623      -132418      -570368     -13617.1      -312266 -1.10675e+06      54624.7       164344      63097.5      -382346      -451585      -224990      -173792      -351564      -603438     -88473.9      -729780      -603421      51703.9      80835.9      47663.3      -290457     -33791.1     -24424.5     -13247.2       210630      -156361      -211727      75158.5      98610.2       110929      -107839     -86400.6      37066.3      -113216      -177471      -133194      -130546     -6155.17      -600502      -171757      -111488      -120121     -30964.5     -19209.9      -149752      -306078      70750.8      66514.5      -247338      37908.6     -38755.8       159466       218922      -193450      -163491      2602.21      -259244       170653       133449       119726       112594      24864.7        25891      -333644      -205329      -118369      -185910     -32948.8      22485.8      19178.7      5068.78     -20501.7     -18691.2      4136.04      1904.64
    -5746.83     -85328.5      -439758      -419349 -1.55332e+07     -64933.1     -96906.9      -240742     -58698.5       132061       106110      22478.9      21159.5      -352113      18810.5      -107329      -168701      -455094     -84344.2     -5656.47      15738.8        49315      19292.9       200338       -24099      -181054      -199030       114103     -49292.1      8054.57       142126       254580       130673     -62766.8      -148102       197299      -359870       -35838      78339.4      -104541      -596612      9328.93      -332953     -14640.4       -59922      75834.2      -198113     -8272.91      -802533      99640.1        45900      11557.1     -13286.8       109622       324437      81363.9      774.886      37390.1     -71240.6     -46134.7       127353        77882      -169620       134259       120667     -36372.7      51698.8      -160138       104047      -928552     -97698.6     -94737.4     -39359.3     -66005.4      64460.6      14276.6      -340153      -335215       315527       121814      18482.7      50739.4     -76580.3     -50841.9      -117581     -38109.2     -77733.2      -202127      -104156      -111124      -101380     -22780.4     -32266.8      87074.4      -236035      -156434      -223037     -40255.6       119620      -441199       176611       -24662       132316      91820.9      -241164     -59281.1       281635      -324353     -20775.5     -59632.6       119507       151409      -181519      -7763.5      83421.2      18463.8      -300450     -63978.9      41623.3      -220572     -84492.4     -33125.4      26163.3      -275052     -10570.8     -10726.5     -10388.6      667.379      1728.63
       21491      -104154     -8878.31      -622958     -64933.1 -9.31008e+06      -512977 -1.14257e+06      -359354      -261700      -724078     -36876.3      -315878      -127810      -396066      -450249     -62101.2       -39814       168389     -69308.1     -2251.61      -113428 -1.88506e+06      76052.5      22057.1      -731689      -186600      23281.7      23691.4      -366861      -419652 -1.64712e+06      95996.7      -227503      -743193     -9082.81      13792.4      -474593      33484.4      -129209      -292270       153664       107230      -132778     -94764.3      -489657      -261590      -204284      -472048      -307758      16383.5      269.711      -353199      -609708 -2.37575e+06       121889      -149027      -609960       192368 -1.11382e+06       193272      -255868       186835       537.88      -110743     -84375.6      948.005       102627      49424.5      82687.7      51099.9      70794.6      39317.2     -27599.1      -373016      -258935      -109230       252660       210539       160864     -85894.8      -513364      -114133     -8040.27      -209868      -196915      52656.3      -286211      -128362     -21182.5      -211443      -358022      -246150      -324375      -273581      -240196      59139.7      -367515       166644      -560546       172980       107750      -768136      -226750      95097.7       283655      32339.4      -373208      74147.2     -82219.4       106217      11234.4      83783.5      -365799     -58057.2      29339.3      -138933      -217217      -331820      -248923     -76213.5       -15557      52922.6      85230.2      6048.37     -15300.9      3669.48     -5378.07     -3739.76
      7709.8     -76447.1     -46501.5      -194575     -96906.9      -512977 -9.16115e+06      -318998       108368      -106229     -42124.4      -681363      69108.8      -190117      -405339      -155918      -463415       136052      -130042      -102850      -208655      3559.66      41897.3       106143      90436.1      63755.3     -39829.8      -333998     -33556.8      -373929      -297040      77221.2     -34192.5     -79351.4     -49953.9   -1.313e+06      -509309      -311521       124704      -226739      -252646     -22387.9      85278.9      -356857     -10713.4      10360.4      -251797     -17370.9      52235.3      -163273     -25743.2     -10871.9      -432861      -406498       104845      16006.4     -7230.07      -582459      35914.4       -10444      83750.6      63945.9      -246484     -98530.6      -299068     -50908.8      88261.1      -224431       181357      -123638      -157206      -405043     -88610.2      87109.3      61930.3       102257      -222778      -106667       179765       -17461      -537391      39863.5     -22728.1      36349.1      22797.5       -24702     -2626.86      -178173     -79100.7      -157633      -183190      -463318      -166926      39054.9     -87036.5      -202265      95030.3      -323465      -419449      11374.6      4714.62     -94692.7      -522697      36196.2      93457.9      17928.4       110733      -488087      94456.7       -32462     -39729.6       144900 -1.31445e+06     -57976.6       317132     -33428.9     -15789.3     -3761.35      10674.4      -259785     -88830.2     -95322.3      1197.75      64077.2        11192     -20429.7     -3518.75     -1336.12      2273.98
    -13982.3      -274177     -97898.1      45877.8      -240742 -1.14257e+06      -318998 -1.01589e+07      -824972      -967699      -854765      -301762      -563280      -218458     -35201.7      -198293      -234491      -263768      -336495      -3842.6      -372765       142912      35677.5      -224916      -132593      -361609     -30531.6      -194665       116494      -263995      -356276 -1.04806e+06      -928019      -211078       191256      -289143      -349753       122735      -292955      81320.2      -267574      -281243       104548     -558.499     -66858.2     -52234.2      -385743      63250.1       -93737      7145.91     -32242.2      7295.01     -66165.3     -21493.9       225502      36.3296      -899794      -267191       251694      95024.2      -765194       122278      68576.2       130163     -24482.2      -378979       143448     -3579.97      -122450      -441661     -11977.6      -165447       -73521      78188.1      -390933       -43894     -77347.3      7579.93       382267      -283353      81472.9      -519903       150030 -1.36873e+06      -243927     -15529.2     -27482.9     -96383.4     -78054.1      -112526      -331071     -15835.7     -8811.47      82425.8     -68156.1     -64400.8      -241964      -183870      -172199      -331492       260069     -54438.2       132926       104598      -210119      94429.7       238333      56134.5     -60393.1      9297.29      21877.5      9774.39     -88106.5       111697      -339983      -269324       102641     -32404.4      15502.9     -62241.2     -90203.2     -93483.1      -430373      82561.4     -9619.31       -11718     -49598.6      5816.93     -25450.3
     1870.42     -31150.9      -510137      -347704     -58698.5      -359354       108368      -824972  -2.1375e+07      397.081      -771085      61226.9      -159265       102920      -607666       -76220      -198669       301129     -87833.2      -144359      -341522      -539644       -26209     -29321.8 -2.11853e+06      41097.2      97770.1      55284.3       159407     -26962.4      -395036      -328840      -339899 -1.21306e+06      33009.3 -1.51816e+06     -64941.1      -688358      -512603      81367.5      -293600       114327       192950      -133598      -265287  -1.3044e+06      -194987     -24565.9      -274549     -87715.9      -334366      12442.1      -317447      -561623       196014      -323066       203843 -1.54943e+06        39869      -710883      13580.5       211399      -495713       132386      99384.2       134356       154807      -554598      -972011     -71502.7      13255.5      -467496      -383213 -1.40266e+06      -724643      -132698     -63371.1 -1.91016e+06       206817       271813      32416.3 -1.02765e+06     -65642.2       -13935      -142857       101359      -833481     -59559.4      50948.5      -357114      -112036      -198686      33027.5      -150887      -136468  -1.0479e+06      -355166        16302 -1.21691e+06      76250.2       204090       103573      -393271 -2.25124e+06      -266710       275079       176476     -46264.3      17560.5      -186254      -140363       260783       244145       233780 -3.02904e+06      41538.3      -191966      -512945      -261831      -225062      6087.38     -50823.1     -54200.7        76046     -87079.6     -28895.2      10302.2     -21742.7      4702.26
     6300.92      -307944       116668      33477.8       132061      -261700      -106229      -967699      397.081 -2.99965e+07      76702.8       155690      -394310      -182546      59742.4      -800046      -801869       176031     -63080.7     -33679.5       208878       113187       160595      69296.6       232366      90155.6      -520919       234750      -539511      69944.9      -171884       118890       173378      51036.9       330021       198211       122938       175589      -920314      43026.6      39097.5       118437       213660      -112979      -137923       226523      99494.3      8984.65     -39445.1      -140251     -15108.1      1302.99      -408332  -1.0239e+06      94823.3     -22695.5       156853      32425.2       206962       128380     -15221.5       131978      11840.2       108559        87077      68055.9 -1.01669e+06      -771179       238223       144439      -123975      40006.2       100596       193116     -3966.56      80694.4      96341.3       219919       324293     -4819.94      -319029     -62342.9      -408096       257862      -136313     -55217.5      90332.9      -132566     -60104.1      -252605      61104.4      -324915       220684      23909.1      -159819      82974.8      -595268      -166545      -432022      75356.1      20256.3      -153846       163546      70806.4 -1.58589e+06       227317       300335      -285724        87548      6703.04      10358.5       273820      -113276       168056       317970      96492.3      -270658      80946.2      80538.9      -111747       -45201      -149585      7795.94      78215.5     -21727.3     -17964.5      1282.77     -17259.6     -92059.6
     41691.3     -35361.1      5220.72      -620891       106110      -724078     -42124.4      -854765      -771085      76702.8 -1.34533e+07      -639119     -12509.7      -202518      -101876      -237892      -449388      -160139      -826420      -139569      -312420      -114806      -119051      59272.3      -232535     -19821.1     -30695.1      -212987      93180.4       161362      -315754      84713.9 -1.76039e+06      -631873        75683       201976      -554980      -318469      58848.5      -133425     -34126.6      -291835      -660469      -103886      -126429      -140969      46728.7     -6596.77      -445979      -176138      7495.03      18328.8       107929       213053       270608       282940     -49422.4      -507025       239158      -180279      90941.1       190389       288307     -20897.9      -501628      -949876      -757315      -398512       216144     -88236.6      -385794     -6095.09      5266.13       180012      -248196      -575620      -277790     -30303.4       376711      -532327     -94320.6     -25337.7       208425       199751      -362508      -599948      -146958      -577872      -381674      -398147      -157167      -448988      61934.3      38279.2      -119145       113057       108463     -16931.2      85269.1      -281873     -70226.8     -55577.3     -94594.4       103153 -1.11478e+06       250385       237063     -95314.2     -30791.2       253509     -65527.3      81366.9     -60561.7      -493277       255760      -569801       103461      3372.91     -41078.8     -77703.5     -21270.7      -144660     -3351.09      67859.2     -22400.1      257.398     -62079.2     -5415.43     -33024.7
     34507.6      -105067      -238660      -255033      22478.9     -36876.3      -681363      -301762      61226.9       155690      -639119 -6.33354e+06      -472059      -395715      -244939      -177552      -281544      61391.5      20484.7      -270759     -94594.3       149717       168340      -212390     -34768.5      61350.7      -147654      16679.1      47637.5      75167.8      -527410      -878996      -792353      64601.4      -456814 -1.24306e+06      -474299      -295995     -89873.4     -34348.6     -69505.1      -219721       102220      -103185     -71469.1      80852.5      -213304        38653      -169877      -205964      -290095     -15055.1      -347228      -158299     -92350.8       -32456      -200643       -55202      -122547      50501.5      73371.8      -949988      -455975      -139814      -174864      -100969      -442566      -252643      64460.7       124963      -235930     -58784.5      -148057       -86487      -245839     -99623.4      -242265       185249       189161     -17265.5      -649487      -243344      -614988      -122244     -22956.2     -44629.6      88369.8     -60196.2      -199585     -25235.2     -97190.7      53367.8      87475.2      -299903      -193743     -80046.1      -178457     -18275.5      -351027      -362844      -287598      -156206      -309778      -128307     -84601.9      64138.3        53122      -200339      -112884       -23638      -293327      11300.7       122739      -258348      153.807      -118964      -303429      42975.3      -274323     -67127.5       -39471      -109154      50380.5      25468.9     -55191.2     -53914.4     -37131.4     -37166.4     -19267.3
     6097.29     -46656.1     -85458.2      20572.4      21159.5      -315878      69108.8      -563280      -159265      -394310     -12509.7      -472059 -5.04389e+06     -24460.3      -193853      -204601     -8465.61      79327.9     -75517.8      -176100        96350      -200418     -29284.3     -13649.6      69759.5      -210053      -171373     -58087.9      27340.1      -210552      -215161     -85480.5      -651787      -350129      -171898      -689747     -16925.6     -14100.7     -34217.7     -23529.8     -58806.2      -413081      -341954      39573.5     -3987.12        80761     -24077.3      19753.1      -147528     -85764.5      -132709      22552.5       113003      -145718     -49123.7      18623.7      32787.8      -935271      -471462      -189966      -504872      62307.9      83874.7      61401.2      57354.8       -36916      -5368.7      -100795     -31632.6      -101037        12967      -318764     -13373.8     -13610.6      -325361      -154179      -171829       134799       192325       123094      -164635      -115186      -173920     -42962.4      47964.5       5954.9      12848.1     -94476.4     -83377.6      -134479      -100143     -64799.4     -31988.2       -78790      -114764      -152207      -141081     -48448.5      -461184      -470720      10566.7     -33112.3      -211443      75797.3       -35316     -48017.7       250854     -49129.9      -139740      -113138      76622.2       124583      42800.2      49369.9      -244771      -119799      -138115      -351606     -27579.6      -125994      -185165     -40445.9      -417559      47237.4      2883.35     -30410.1      1965.59      4522.51     -17586.9
     11932.9     -76378.9      -133011     -7247.97      -352113      -127810      -190117      -218458       102920      -182546      -202518      -395715     -24460.3 -1.31396e+06     -97105.2      -222532      -117967      -161648      -252616      -152238     -30799.5      48651.7       -44588      -356581      -245999      -292659     -73854.7      -361762      -179213      -214533      -239993      -349681      -160050      49274.8     -55330.7      17535.7      -113783       -26407     -80249.6     -63298.2     -72149.7     -92168.2      -140344     -83254.9      -101163     -38677.1      -126091     -7819.66      -339747       -80593      3532.33     -22584.5      -147946        25931        97393        75875      -247947      53852.1      -384016     -38724.9      22064.1      -184070      27217.7     -36078.5      66327.6     -67931.8      -199035      -109147      -167711      92853.9     -51643.7     -48657.9      -128543     -95087.1      -371148      -119360     -94482.9     -64630.7       123221     -41752.3     -54161.2      -181835       104964      42926.6     -24910.4      -191501     -2273.65      -113525     -75666.8      -144350     -89887.1      -202566     -49340.1      -152347     -48191.9     -51903.1      -100367     -72609.1     -7070.33      -123960     -6913.98       9710.6      68983.5     -30403.8     -42273.5      3694.63 -1.41821e+06      39712.8      -102048     -60876.6     -30294.9      -699089      18031.1      73964.7       126901     -37881.2        12706      -301797      -200441      -134257       -43084     -39218.5      -165633     -84233.4     -20437.8      3217.06     -2661.23     -3257.87     -9461.86
    -8357.59      -117666      -318339      -281363      18810.5      -396066      -405339     -35201.7      -607666      59742.4      -101876      -244939      -193853     -97105.2  -6.4514e+06     -98809.3      -457148      -254917       104073      -136750      -217534       162167        87753 -1.11062e+06      66176.8      -414019      -257791      -393291     -82651.9     -87906.1     -8184.57 -1.60928e+06      -491351      -164852       164365      26800.4     -45588.1      -195525      45866.1      7566.29      9861.49      -328085      55496.9      -162835      -112114       106848     -9517.07      -175003      8249.11      8472.87     -58294.7      13292.3      -258054      -923743 -2.63757e+06     -44941.2      -103205      -146619      -226296     -70752.4 -1.08214e+06      45032.3     -27497.6     -15606.7     -11927.8     -81915.8      -282191     -84757.4     -27035.7      23917.6      -263646      -110333      3663.08      -209683     -78991.1      -221867     -30593.5      -950769 -3.83978e+06      18759.6     -29107.9      88071.3      20065.5      85941.5     -85385.2      -120612      32613.9     -64775.8      -192485      -143644     -33689.9      -160560        42640      -218605      -170813      -203670      6530.06      -243671      -513713     -83852.9      65337.6      -253090      -587149      32856.5      -355192       148181     -2525.06      -345820      -523756      -152123      24182.8      77148.5      22765.2      -562177      -876903       160560     -53406.3      -104947      -160417      -170616     -16078.8     -41708.3        36392      34030.9     -4326.26     -555.441      -376.44     -5782.52     -19102.9
    -3469.23      -112283     -98650.8      -259849      -107329      -450249      -155918      -198293       -76220      -800046      -237892      -177552      -204601      -222532     -98809.3 -1.65636e+06     -85397.2      -198782     -49691.3      -125610      -162418      -821044      -414156      -130463      -576864      -109638      -162504      -236596      -179164      -112389      -209294     -4414.54      14884.8      -111710      78649.2      -383528      -131083      -155801      -164079      -193917     -86694.6      -192417      -282057      -211579      4353.25      -219282      -118263      -125441      -112331     -51928.6     -32567.8     -22741.4      -158343      61048.4       141710      -200470      9951.76      -162653      -448332      -140451       120849      -270023      46299.1      57140.8     -26101.3      -130052      -147264      -200499      -319073      -183965     -95706.9      -125821     -56962.4     -84452.8      -102275      -188731      -138463      -873366      -292627      -186077      -192548      -423286      31180.8      18972.2     -35101.9      -155623     -10029.2      -148486      -102874      -115140     -95378.8      -115183      -141476      -104734     -77966.3     -75658.4      -170982      -109556     -46668.9     -62746.1     -9951.72      2870.84      -363708     -55452.8     -93638.8      -731429      50770.1      -168891      -137950      -120153      -201442      68938.9      94490.7       -46884      -206373      -196939      -206519      -172714      -109997      -162260     -78998.8     -59075.7      5403.96     -65461.7     -22497.7     -3453.62     -19997.2      -6262.8     -10834.6
     2578.99     -56775.9      -122972      -494501      -168701     -62101.2      -463415      -234491      -198669      -801869      -449388      -281544     -8465.61      -117967      -457148     -85397.2 -2.73212e+06     -74784.4      -318345     -92716.4      -341323      -171448      97670.2      -526860      -296758      -155648      -438617      -221044      24384.8      -275067      -161171      -379003     -88874.5      -137126      -521370      84022.3     -75506.2      -152867     -25500.5       -54346      -135098        77131      77554.1     -29001.8     -61872.8      16178.5      -102091     -78507.6      -181970     -53000.1     -67470.2     -36728.1     -17457.9      -517851      12204.6       -30909     -78401.4      6380.35     -6080.23       -52573      -340809       104994      -558463      -191705      -148628      -169431      -482712      -199548     -19282.4      -276853     -75755.9     -37651.6     -97327.6     -30885.6      -111573      -110068     -33024.7       192175       127689     -94210.8      -353396      64785.8     -69072.6      -376275     -93659.5     -51920.9     -34798.9      -104522     -85026.2     -92332.7       -25694     -74954.9      -371783      -248962     -59794.7       -19172      57448.4     -45011.5      -241681      12773.5      39217.6      -220275      -253521      97046.1      -684472      -150282       129495     -87541.2     -72642.5      256.788       -79267      -232808      -258307      -369897      -406770     -79744.1     -87720.8      -148927     -57963.5      -134684     -87378.2     -42612.8      -233063     -35774.6     -31001.6     -43044.8     -13200.5     -11841.6      11967.7
    -16394.2      -573001      50067.2      -170010      -455094       -39814       136052      -263768       301129       176031      -160139      61391.5      79327.9      -161648      -254917      -198782     -74784.4 -4.72467e+07      3046.59      37470.7     -64710.3       236791      -540691       209104      -149705 -1.64925e+06       166345      -226646      -314508     -89101.4 -2.00506e+06 -2.71186e+06       217737 -1.39459e+06     -84880.7      -631842       152801      32327.6      40214.2      -106353      9580.42 -1.49344e+06      -254356      24115.5     -32505.7      -123296      -210966       180393      -191416       189415      77503.2        40994      -300009       269620      -735130       258253     -63033.9     -21919.8      -331596      48597.1       158595       315995       186781       110542      69634.1      -377892      63566.7     -55794.9       220674      64799.6        39127        65379      81057.8      -367050      -219871      -116280       137286       293927       340457       174089       177251      -365182     -70221.9       200128      -274929       154744       -46298     -91607.7      -229211      39382.5      -241636     -23156.3  -1.3521e+06      81381.5      -509573      -111095       164465      -930208  -1.5726e+06      49005.5       392997      -550645      -369976        12792      25814.7      -186356      -483404      -121635      -446994       135991     -14795.2 -2.49158e+06       277534 -2.70744e+06      -390252     -14226.4      42410.7      -327214      -150182      11934.2      45370.8     -12061.9     -62156.9     -24683.7     -35957.1      6932.94     -3787.58      1248.17      4198.97
    -11483.3      -129821     -21091.8      -190916     -84344.2       168389      -130042      -336495     -87833.2     -63080.7      -826420      20484.7     -75517.8      -252616       104073     -49691.3      -318345      3046.59 -1.55611e+07      -108849      -888850      -199427       195254 -1.12121e+06      20141.6       169247      -246532 -1.57502e+06      -181832      -249255     -84968.5       197529       199188      -679623      -101129      78773.6     -7205.99      -229209     -87508.4      -184854      -300378      -941902     -67485.4      -438405      54767.1      -854363      -188966     -52646.4      -580037      -229131      -250227      11957.7      -300190       141355      -186208       105180      -657984      -475139     -54587.8      -414574      -777808       192114       206201     -20425.3      -265542     -14491.6      -294418      -349560       150120       162354       142558     -31962.6       126119      -485192      -570774      -143791      -107553      81024.3 -5.20752e+06 -1.78773e+06      -249587       163622      33907.6 -2.87965e+06      -264930      -379369      92901.4      -333475      -111684      -198626     -69453.7      -233629      81361.1      -249828        39969      22945.8     -72812.1       127801      -200392       205437      -128119      -519198       225429      5866.44      -152274 -4.15929e+06       167402       157241      -633522      87643.4      95661.8       101213       101469     -21409.1 -2.33696e+06      40802.2     -64754.5      65081.4       8478.9      49654.5      9678.96      -135554       110025      79208.6       -43121      3073.42     -44376.7     -30881.2      2054.38
