50
ancistrocheirus_lesueurii    0.0000000 0.3323095 0.4557396 0.3884741 0.4678859 0.3612565 0.3780931 0.3049471 0.3919829 9.0000000 0.3679233 0.4172591 0.5381769 0.5106470 0.3449685 0.5673114 0.3481839 0.4322978 0.8396750 0.4888095 0.4720012 0.3481839 0.3579562 0.4638043 0.4399903 0.4099060 0.4478029 0.3990752 0.3579562 0.3919829 0.4062696 0.4322978 0.3679233 0.6726719 0.3679233 0.3746802 0.4172591 0.4026595 0.3449685 0.3354444 0.3645788 0.4399903 9.0000000 0.7111524 1.0511034 9.0000000 9.0000000 9.0000000 9.0000000 9.0000000 
architeuthis_dux             0.3323095 0.0000000 0.1822573 0.0934167 0.1530355 0.0781483 0.1032017 0.0973077 0.1486876 1.3720303 0.0669954 0.1295770 0.1845774 0.2651534 0.0578877 0.2543421 0.0669954 0.1337611 0.5525320 0.2059584 0.1730827 0.0633324 0.0800315 0.1822573 0.1422359 0.1213123 0.1422359 0.1192674 0.0578877 0.1274980 0.1316647 0.1091660 0.0973077 0.3139026 0.1091660 0.0819219 0.1295770 0.1012293 0.0800315 0.0669954 0.1111700 0.1422359 9.0000000 0.5288308 0.6144667 9.0000000 9.0000000 9.0000000 9.0000000 9.0000000 
argonauta_hians              0.4557396 0.1822573 0.0000000 0.2035371 0.2359674 0.1987293 0.2157626 0.2333967 0.2570231 1.4532898 0.1799478 0.2543421 0.2961492 0.3385989 0.1685578 0.3780931 0.1845774 0.2282946 0.7601426 0.3354444 0.2932507 0.1663106 0.2059584 0.2651534 0.2333967 0.2597185 0.2651534 0.2257629 0.1685578 0.2463844 0.2207378 0.2282946 0.2083915 0.3955165 0.2182440 0.2035371 0.2385514 0.2232440 0.1963427 0.1799478 0.2059584 0.2490229 9.0000000 0.6369424 0.8063293 9.0000000 9.0000000 9.0000000 9.0000000 9.0000000 
benthoctopus_normani         0.3884741 0.0934167 0.2035371 0.0000000 0.1869084 0.1111700 0.1422359 0.1274980 0.1776489 1.2219780 0.0688370 0.1574214 0.2257629 0.2903688 0.0857242 0.2903688 0.0953584 0.1574214 0.5774127 0.2385514 0.1939674 0.0992647 0.1213123 0.2035371 0.1401037 0.1618463 0.1663106 0.1552236 0.0819219 0.1552236 0.1730827 0.1401037 0.1274980 0.3612565 0.1401037 0.1152023 0.1708151 0.1316647 0.0973077 0.0914824 0.1465278 0.1663106 9.0000000 0.5929580 0.6544881 9.0000000 9.0000000 9.0000000 9.0000000 9.0000000 
brachioteuthis_beanii        0.4678859 0.1530355 0.2359674 0.1869084 0.0000000 0.1596290 0.1987293 0.1730827 0.2490229 1.2808695 0.1552236 0.2011274 0.2385514 0.3230214 0.1530355 0.3612565 0.1596290 0.2108365 0.7111524 0.2790047 0.2516755 0.1552236 0.1799478 0.2411488 0.2308391 0.2359674 0.2108365 0.2437597 0.1486876 0.1939674 0.1892504 0.1963427 0.1963427 0.3712903 0.1869084 0.1730827 0.2108365 0.1869084 0.1618463 0.1552236 0.2083915 0.2108365 9.0000000 0.6544881 0.6604762 9.0000000 9.0000000 9.0000000 9.0000000 9.0000000 
chiroteuthis_picteti         0.3612565 0.0781483 0.1987293 0.1111700 0.1596290 0.0000000 0.1254276 0.1111700 0.1640734 1.5158714 0.0800315 0.1486876 0.1869084 0.2463844 0.0706855 0.2678931 0.0762721 0.1358664 0.5774127 0.1987293 0.1753606 0.0800315 0.1012293 0.2083915 0.1574214 0.1401037 0.1618463 0.1465278 0.0744030 0.1422359 0.1508568 0.1233657 0.1111700 0.3291943 0.1233657 0.1032017 0.1574214 0.1233657 0.0973077 0.0838194 0.1131821 0.1618463 9.0000000 0.5525320 0.6665368 9.0000000 9.0000000 9.0000000 9.0000000 9.0000000 
cranchia_scabra              0.3780931 0.1032017 0.2157626 0.1422359 0.1987293 0.1254276 0.0000000 0.1337611 0.1892504 1.3720303 0.1172307 0.1596290 0.2282946 0.3108995 0.1071700 0.2932507 0.1172307 0.1640734 0.6035967 0.2570231 0.2207378 0.1051819 0.1192674 0.2157626 0.1822573 0.1730827 0.1916033 0.1708151 0.1071700 0.1486876 0.1663106 0.1465278 0.1379806 0.3199632 0.1422359 0.1337611 0.1776489 0.1508568 0.1192674 0.1012293 0.1530355 0.1869084 9.0000000 0.5288308 0.7246667 9.0000000 9.0000000 9.0000000 9.0000000 9.0000000 
discoteuthis_sp              0.3049471 0.0973077 0.2333967 0.1274980 0.1730827 0.1111700 0.1337611 0.0000000 0.1822573 2.0651775 0.1032017 0.1574214 0.2207378 0.2846545 0.0934167 0.2846545 0.1071700 0.1574214 0.6312280 0.2132935 0.2232440 0.0914824 0.1091660 0.2132935 0.1892504 0.1486876 0.1753606 0.1685578 0.0934167 0.1465278 0.1640734 0.1486876 0.1192674 0.3955165 0.1274980 0.1233657 0.1663106 0.1358664 0.1091660 0.0992647 0.1508568 0.1753606 9.0000000 0.4720012 0.6199916 9.0000000 9.0000000 9.0000000 9.0000000 9.0000000 
eledone_cirrhosa             0.3919829 0.1486876 0.2570231 0.1776489 0.2490229 0.1640734 0.1892504 0.1822573 0.0000000 1.6274431 0.1596290 0.1963427 0.2651534 0.3230214 0.1486876 0.3884741 0.1640734 0.2207378 0.6035967 0.2903688 0.2678931 0.1379806 0.1618463 0.2790047 0.2308391 0.2157626 0.2463844 0.2035371 0.1401037 0.1892504 0.2232440 0.1869084 0.1869084 0.4361292 0.2011274 0.1776489 0.2157626 0.1869084 0.1618463 0.1465278 0.2132935 0.2257629 9.0000000 0.6427228 0.7528432 9.0000000 9.0000000 9.0000000 9.0000000 9.0000000 
enoploteuthis_anapsis        9.0000000 1.3720303 1.4532898 1.2219780 1.2808695 1.5158714 1.3720303 2.0651775 1.6274431 0.0000000 1.3476352 1.6709488 1.4836021 1.5503678 1.5503678 1.1067162 1.3476352 1.3976770 9.0000000 1.5874218 1.6709488 1.4532898 1.5503678 1.6709488 1.2604585 1.7712842 1.2604585 1.2808695 1.4247106 1.3720303 1.3720303 1.4532898 1.3476352 1.3021493 1.8969414 1.3476352 1.8969414 1.5874218 1.7186039 1.1862485 1.8301757 1.7712842 9.0000000 9.0000000 9.0000000 9.0000000 9.0000000 1.5503678 9.0000000 9.0000000 
enteroctopus_dofleini        0.3679233 0.0669954 0.1799478 0.0688370 0.1552236 0.0800315 0.1172307 0.1032017 0.1596290 1.3476352 0.0000000 0.1316647 0.1869084 0.2570231 0.0633324 0.2734180 0.0725408 0.1274980 0.5288308 0.1987293 0.1708151 0.0688370 0.0895556 0.1845774 0.1152023 0.1274980 0.1443772 0.1295770 0.0560859 0.1254276 0.1422359 0.1111700 0.1071700 0.3230214 0.1032017 0.0876363 0.1401037 0.1111700 0.0857242 0.0688370 0.1172307 0.1530355 9.0000000 0.5242225 0.6427228 9.0000000 9.0000000 9.0000000 9.0000000 9.0000000 
galituethis_sp               0.4172591 0.1295770 0.2543421 0.1574214 0.2011274 0.1486876 0.1596290 0.1574214 0.1963427 1.6709488 0.1316647 0.0000000 0.2359674 0.2903688 0.1213123 0.3323095 0.1358664 0.1987293 0.6199916 0.2651534 0.2333967 0.1274980 0.1508568 0.2282946 0.2182440 0.2035371 0.1987293 0.1869084 0.1254276 0.1776489 0.1822573 0.1799478 0.1753606 0.3884741 0.1799478 0.1443772 0.1845774 0.1799478 0.1337611 0.1358664 0.1776489 0.2035371 9.0000000 0.6604762 0.7045298 9.0000000 9.0000000 9.0000000 9.0000000 9.0000000 
gonatus_onyx                 0.5381769 0.1845774 0.2961492 0.2257629 0.2385514 0.1869084 0.2282946 0.2207378 0.2651534 1.4836021 0.1869084 0.2359674 0.0000000 0.3884741 0.1799478 0.3815296 0.1776489 0.2411488 0.6979937 0.3260983 0.2734180 0.1822573 0.1939674 0.3199632 0.2570231 0.2678931 0.2411488 0.2597185 0.1799478 0.2333967 0.2232440 0.2011274 0.1963427 0.4284955 0.2308391 0.2011274 0.2570231 0.2108365 0.1799478 0.1822573 0.2083915 0.2624286 9.0000000 0.5877224 0.7111524 9.0000000 9.0000000 9.0000000 9.0000000 9.0000000 
haliphron_atlanticus         0.5106470 0.2651534 0.3385989 0.2903688 0.3230214 0.2463844 0.3108995 0.2846545 0.3230214 1.5503678 0.2570231 0.2903688 0.3884741 0.0000000 0.2597185 0.4720012 0.2570231 0.3260983 0.7246667 0.3849898 0.3645788 0.2678931 0.2818216 0.3919829 0.3385989 0.3199632 0.3514202 0.3108995 0.2333967 0.3230214 0.3230214 0.3139026 0.3019972 0.5381769 0.3139026 0.2846545 0.3199632 0.2790047 0.2651534 0.2516755 0.2597185 0.3260983 9.0000000 0.7178639 0.8847505 9.0000000 9.0000000 9.0000000 9.0000000 9.0000000 
hapalochlaena_lunulata       0.3449685 0.0578877 0.1685578 0.0857242 0.1530355 0.0706855 0.1071700 0.0934167 0.1486876 1.5503678 0.0633324 0.1213123 0.1799478 0.2597185 0.0000000 0.2651534 0.0669954 0.1295770 0.5429163 0.1869084 0.1685578 0.0633324 0.0838194 0.1685578 0.1465278 0.1254276 0.1337611 0.1192674 0.0542906 0.1233657 0.1274980 0.1091660 0.0934167 0.3139026 0.1012293 0.0857242 0.1379806 0.1051819 0.0762721 0.0596960 0.1032017 0.1379806 9.0000000 0.5288308 0.6035967 9.0000000 9.0000000 9.0000000 9.0000000 9.0000000 
heteroteuthis_hawaiensis     0.5673114 0.2543421 0.3780931 0.2903688 0.3612565 0.2678931 0.2932507 0.2846545 0.3884741 1.1067162 0.2734180 0.3323095 0.3815296 0.4720012 0.2651534 0.0000000 0.2624286 0.2678931 0.8483708 0.4135690 0.3514202 0.2411488 0.2762036 0.3514202 0.3514202 0.3260983 0.3323095 0.3291943 0.2651534 0.3354444 0.3230214 0.2790047 0.2734180 0.4678859 0.3199632 0.2570231 0.3019972 0.2846545 0.2818216 0.2411488 0.3108995 0.3579562 9.0000000 0.6665368 0.6604762 9.0000000 9.0000000 9.0000000 9.0000000 9.0000000 
histioteuthis_corona_inermis 0.3481839 0.0669954 0.1845774 0.0953584 0.1596290 0.0762721 0.1172307 0.1071700 0.1640734 1.3476352 0.0725408 0.1358664 0.1776489 0.2570231 0.0669954 0.2624286 0.0000000 0.1316647 0.5477010 0.2132935 0.1799478 0.0762721 0.0819219 0.1799478 0.1401037 0.1358664 0.1530355 0.1379806 0.0706855 0.1254276 0.1379806 0.1111700 0.1071700 0.3291943 0.1032017 0.0762721 0.1401037 0.1111700 0.0895556 0.0762721 0.1213123 0.1530355 9.0000000 0.5429163 0.6199916 9.0000000 9.0000000 9.0000000 9.0000000 9.0000000 
idiosepius_sp                0.4322978 0.1337611 0.2282946 0.1574214 0.2108365 0.1358664 0.1640734 0.1574214 0.2207378 1.3976770 0.1274980 0.1987293 0.2411488 0.3260983 0.1295770 0.2678931 0.1316647 0.0000000 0.6788831 0.2762036 0.2182440 0.1233657 0.1465278 0.2437597 0.2035371 0.1987293 0.2035371 0.1776489 0.1254276 0.1963427 0.1869084 0.1663106 0.1530355 0.3679233 0.1401037 0.1443772 0.1892504 0.1708151 0.1422359 0.1233657 0.1822573 0.2132935 9.0000000 0.5825410 0.6544881 9.0000000 9.0000000 9.0000000 9.0000000 9.0000000 
japetella_diaphana           0.8396750 0.5525320 0.7601426 0.5774127 0.7111524 0.5774127 0.6035967 0.6312280 0.6035967 9.0000000 0.5288308 0.6199916 0.6979937 0.7246667 0.5429163 0.8483708 0.5477010 0.6788831 0.0000000 0.6915420 0.6788831 0.5288308 0.6035967 0.6312280 0.6427228 0.5877224 0.6199916 0.6485708 0.5334820 0.6035967 0.6851725 0.6199916 0.6312280 0.8942746 0.6312280 0.5877224 0.6544881 0.6312280 0.5723365 0.5982491 0.6604762 0.6090022 9.0000000 1.3243752 9.0000000 9.0000000 9.0000000 1.8969414 9.0000000 9.0000000 
joubiniteuthis_portieri      0.4888095 0.2059584 0.3354444 0.2385514 0.2790047 0.1987293 0.2570231 0.2132935 0.2903688 1.5874218 0.1987293 0.2651534 0.3260983 0.3849898 0.1869084 0.4135690 0.2132935 0.2762036 0.6915420 0.0000000 0.3049471 0.2083915 0.2359674 0.2875035 0.2932507 0.2543421 0.2932507 0.2463844 0.2011274 0.2624286 0.2516755 0.2651534 0.2333967 0.5062025 0.2333967 0.2182440 0.2706479 0.2437597 0.2207378 0.2083915 0.2516755 0.2762036 9.0000000 0.6604762 0.8063293 9.0000000 9.0000000 9.0000000 9.0000000 9.0000000 
mastigoteuthis_agassizii     0.4720012 0.1730827 0.2932507 0.1939674 0.2516755 0.1753606 0.2207378 0.2232440 0.2678931 1.6709488 0.1708151 0.2333967 0.2734180 0.3645788 0.1685578 0.3514202 0.1799478 0.2182440 0.6788831 0.3049471 0.0000000 0.1663106 0.1822573 0.2875035 0.2597185 0.2182440 0.2333967 0.2257629 0.1685578 0.2411488 0.2516755 0.1663106 0.1987293 0.4172591 0.2083915 0.1987293 0.2490229 0.2083915 0.1640734 0.1753606 0.2108365 0.2385514 9.0000000 0.6604762 0.6915420 9.0000000 9.0000000 9.0000000 9.0000000 9.0000000 
metasepia_tulbergi           0.3481839 0.0633324 0.1663106 0.0992647 0.1552236 0.0800315 0.1051819 0.0914824 0.1379806 1.4532898 0.0688370 0.1274980 0.1822573 0.2678931 0.0633324 0.2411488 0.0762721 0.1233657 0.5288308 0.2083915 0.1663106 0.0000000 0.0895556 0.1799478 0.1274980 0.1152023 0.1443772 0.1295770 0.0633324 0.1295770 0.1254276 0.1071700 0.0953584 0.3354444 0.0953584 0.0876363 0.1358664 0.1071700 0.0744030 0.0615109 0.1172307 0.1486876 9.0000000 0.5334820 0.5982491 9.0000000 9.0000000 9.0000000 9.0000000 9.0000000 
nototodarus_hawaiiensis      0.3579562 0.0800315 0.2059584 0.1213123 0.1799478 0.1012293 0.1192674 0.1091660 0.1618463 1.5503678 0.0895556 0.1508568 0.1939674 0.2818216 0.0838194 0.2762036 0.0819219 0.1465278 0.6035967 0.2359674 0.1822573 0.0895556 0.0000000 0.1963427 0.1640734 0.1422359 0.1730827 0.1443772 0.0800315 0.1486876 0.1486876 0.1213123 0.1213123 0.3514202 0.1254276 0.1091660 0.1552236 0.1131821 0.0914824 0.0857242 0.1401037 0.1685578 9.0000000 0.5774127 0.6851725 9.0000000 9.0000000 9.0000000 9.0000000 9.0000000 
octopoteuthis_nielseni       0.4638043 0.1822573 0.2651534 0.2035371 0.2411488 0.2083915 0.2157626 0.2132935 0.2790047 1.6709488 0.1845774 0.2282946 0.3199632 0.3919829 0.1685578 0.3514202 0.1799478 0.2437597 0.6312280 0.2875035 0.2875035 0.1799478 0.1963427 0.0000000 0.2597185 0.2385514 0.2333967 0.2463844 0.1822573 0.2108365 0.2411488 0.2437597 0.2132935 0.4399903 0.2132935 0.2182440 0.2543421 0.2132935 0.1869084 0.1892504 0.2257629 0.2706479 9.0000000 0.7675501 0.8396750 9.0000000 9.0000000 1.9740167 9.0000000 9.0000000 
octopus_californicus         0.4399903 0.1422359 0.2333967 0.1401037 0.2308391 0.1574214 0.1822573 0.1892504 0.2308391 1.2604585 0.1152023 0.2182440 0.2570231 0.3385989 0.1465278 0.3514202 0.1401037 0.2035371 0.6427228 0.2932507 0.2597185 0.1274980 0.1640734 0.2597185 0.0000000 0.2083915 0.2282946 0.2157626 0.1295770 0.2059584 0.2011274 0.1892504 0.1753606 0.4172591 0.1663106 0.1530355 0.2182440 0.1939674 0.1596290 0.1443772 0.1963427 0.2333967 9.0000000 0.6255783 0.7315634 9.0000000 9.0000000 9.0000000 9.0000000 9.0000000 
octopus_oliveri              0.4099060 0.1213123 0.2597185 0.1618463 0.2359674 0.1401037 0.1730827 0.1486876 0.2157626 1.7712842 0.1274980 0.2035371 0.2678931 0.3199632 0.1254276 0.3260983 0.1358664 0.1987293 0.5877224 0.2543421 0.2182440 0.1152023 0.1422359 0.2385514 0.2083915 0.0000000 0.2132935 0.1822573 0.1254276 0.1822573 0.2011274 0.1799478 0.1753606 0.3955165 0.1618463 0.1401037 0.2035371 0.1708151 0.1379806 0.1316647 0.1822573 0.2083915 9.0000000 0.6144667 0.7045298 9.0000000 9.0000000 9.0000000 9.0000000 9.0000000 
onychoteuthis_banksii        0.4478029 0.1422359 0.2651534 0.1663106 0.2108365 0.1618463 0.1916033 0.1753606 0.2463844 1.2604585 0.1443772 0.1987293 0.2411488 0.3514202 0.1337611 0.3323095 0.1530355 0.2035371 0.6199916 0.2932507 0.2333967 0.1443772 0.1730827 0.2333967 0.2282946 0.2132935 0.0000000 0.2157626 0.1379806 0.1596290 0.1963427 0.1708151 0.1618463 0.4247219 0.1845774 0.1530355 0.2232440 0.1708151 0.1465278 0.1401037 0.1916033 0.2083915 9.0000000 0.6255783 0.7601426 9.0000000 9.0000000 9.0000000 9.0000000 9.0000000 
opisthoteuthis_californiana  0.3990752 0.1192674 0.2257629 0.1552236 0.2437597 0.1465278 0.1708151 0.1685578 0.2035371 1.2808695 0.1295770 0.1869084 0.2597185 0.3108995 0.1192674 0.3291943 0.1379806 0.1776489 0.6485708 0.2463844 0.2257629 0.1295770 0.1443772 0.2463844 0.2157626 0.1822573 0.2157626 0.0000000 0.1233657 0.1939674 0.1939674 0.1730827 0.1640734 0.3990752 0.1730827 0.1596290 0.2011274 0.1685578 0.1316647 0.1379806 0.1845774 0.2059584 9.0000000 0.5877224 0.6144667 9.0000000 9.0000000 9.0000000 9.0000000 9.0000000 
pareledone_charcoti          0.3579562 0.0578877 0.1685578 0.0819219 0.1486876 0.0744030 0.1071700 0.0934167 0.1401037 1.4247106 0.0560859 0.1254276 0.1799478 0.2333967 0.0542906 0.2651534 0.0706855 0.1254276 0.5334820 0.2011274 0.1685578 0.0633324 0.0800315 0.1822573 0.1295770 0.1254276 0.1379806 0.1233657 0.0000000 0.1192674 0.1233657 0.1091660 0.0895556 0.3079145 0.0973077 0.0819219 0.1295770 0.0973077 0.0762721 0.0633324 0.1111700 0.1337611 9.0000000 0.5196563 0.6144667 9.0000000 9.0000000 9.0000000 9.0000000 9.0000000 
pholidoteuthis_adami         0.3919829 0.1274980 0.2463844 0.1552236 0.1939674 0.1422359 0.1486876 0.1465278 0.1892504 1.3720303 0.1254276 0.1776489 0.2333967 0.3230214 0.1233657 0.3354444 0.1254276 0.1963427 0.6035967 0.2624286 0.2411488 0.1295770 0.1486876 0.2108365 0.2059584 0.1822573 0.1596290 0.1939674 0.1192674 0.0000000 0.1530355 0.1730827 0.1422359 0.3712903 0.1596290 0.1422359 0.1869084 0.1422359 0.1401037 0.1172307 0.1799478 0.2108365 9.0000000 0.5574100 0.7385565 9.0000000 9.0000000 9.0000000 9.0000000 9.0000000 
pholidoteuthis_massyae       0.4062696 0.1316647 0.2207378 0.1730827 0.1892504 0.1508568 0.1663106 0.1640734 0.2232440 1.3720303 0.1422359 0.1822573 0.2232440 0.3230214 0.1274980 0.3230214 0.1379806 0.1869084 0.6851725 0.2516755 0.2516755 0.1254276 0.1486876 0.2411488 0.2011274 0.2011274 0.1963427 0.1939674 0.1233657 0.1530355 0.0000000 0.1685578 0.1596290 0.3849898 0.1596290 0.1508568 0.1916033 0.1685578 0.1358664 0.1254276 0.1799478 0.2308391 9.0000000 0.5877224 0.6604762 9.0000000 9.0000000 9.0000000 9.0000000 9.0000000 
pterygioteuthis_gemmata      0.4322978 0.1091660 0.2282946 0.1401037 0.1963427 0.1233657 0.1465278 0.1486876 0.1869084 1.4532898 0.1111700 0.1799478 0.2011274 0.3139026 0.1091660 0.2790047 0.1111700 0.1663106 0.6199916 0.2651534 0.1663106 0.1071700 0.1213123 0.2437597 0.1892504 0.1799478 0.1708151 0.1730827 0.1091660 0.1730827 0.1685578 0.0000000 0.1443772 0.3481839 0.1530355 0.1274980 0.1753606 0.1358664 0.1213123 0.1071700 0.1552236 0.1753606 9.0000000 0.5929580 0.6090022 9.0000000 9.0000000 9.0000000 9.0000000 9.0000000 
rossia_pacifica              0.3679233 0.0973077 0.2083915 0.1274980 0.1963427 0.1111700 0.1379806 0.1192674 0.1869084 1.3476352 0.1071700 0.1753606 0.1963427 0.3019972 0.0934167 0.2734180 0.1071700 0.1530355 0.6312280 0.2333967 0.1987293 0.0953584 0.1213123 0.2132935 0.1753606 0.1753606 0.1618463 0.1640734 0.0895556 0.1422359 0.1596290 0.1443772 0.0000000 0.3481839 0.1316647 0.1192674 0.1443772 0.1192674 0.1091660 0.0992647 0.1422359 0.1708151 9.0000000 0.5623362 0.6915420 9.0000000 9.0000000 9.0000000 9.0000000 9.0000000 
selenoteuthis_scintillans    0.6726719 0.3139026 0.3955165 0.3612565 0.3712903 0.3291943 0.3199632 0.3955165 0.4361292 1.3021493 0.3230214 0.3884741 0.4284955 0.5381769 0.3139026 0.4678859 0.3291943 0.3679233 0.8942746 0.5062025 0.4172591 0.3354444 0.3514202 0.4399903 0.4172591 0.3955165 0.4247219 0.3990752 0.3079145 0.3712903 0.3849898 0.3481839 0.3481839 0.0000000 0.3679233 0.3108995 0.4026595 0.3481839 0.3449685 0.2932507 0.3849898 0.3884741 9.0000000 0.6144667 0.8942746 9.0000000 9.0000000 9.0000000 9.0000000 9.0000000 
sepia_latimanus              0.3679233 0.1091660 0.2182440 0.1401037 0.1869084 0.1233657 0.1422359 0.1274980 0.2011274 1.8969414 0.1032017 0.1799478 0.2308391 0.3139026 0.1012293 0.3199632 0.1032017 0.1401037 0.6312280 0.2333967 0.2083915 0.0953584 0.1254276 0.2132935 0.1663106 0.1618463 0.1845774 0.1730827 0.0973077 0.1596290 0.1596290 0.1530355 0.1316647 0.3679233 0.0000000 0.1192674 0.1663106 0.1358664 0.1213123 0.0992647 0.1508568 0.1799478 9.0000000 0.5825410 0.6199916 9.0000000 9.0000000 9.0000000 9.0000000 9.0000000 
sepia_pharaonis              0.3746802 0.0819219 0.2035371 0.1152023 0.1730827 0.1032017 0.1337611 0.1233657 0.1776489 1.3476352 0.0876363 0.1443772 0.2011274 0.2846545 0.0857242 0.2570231 0.0762721 0.1443772 0.5877224 0.2182440 0.1987293 0.0876363 0.1091660 0.2182440 0.1530355 0.1401037 0.1530355 0.1596290 0.0819219 0.1422359 0.1508568 0.1274980 0.1192674 0.3108995 0.1192674 0.0000000 0.1574214 0.1274980 0.1012293 0.0876363 0.1379806 0.1663106 9.0000000 0.5623362 0.6199916 9.0000000 9.0000000 9.0000000 9.0000000 9.0000000 
sepiadarium_kochi_mainland   0.4172591 0.1295770 0.2385514 0.1708151 0.2108365 0.1574214 0.1776489 0.1663106 0.2157626 1.8969414 0.1401037 0.1845774 0.2570231 0.3199632 0.1379806 0.3019972 0.1401037 0.1892504 0.6544881 0.2706479 0.2490229 0.1358664 0.1552236 0.2543421 0.2182440 0.2035371 0.2232440 0.2011274 0.1295770 0.1869084 0.1916033 0.1753606 0.1443772 0.4026595 0.1663106 0.1574214 0.0000000 0.1799478 0.1422359 0.1443772 0.1776489 0.1987293 9.0000000 0.6485708 0.6665368 9.0000000 9.0000000 9.0000000 9.0000000 9.0000000 
sepiola_parva                0.4026595 0.1012293 0.2232440 0.1316647 0.1869084 0.1233657 0.1508568 0.1358664 0.1869084 1.5874218 0.1111700 0.1799478 0.2108365 0.2790047 0.1051819 0.2846545 0.1111700 0.1708151 0.6312280 0.2437597 0.2083915 0.1071700 0.1131821 0.2132935 0.1939674 0.1708151 0.1708151 0.1685578 0.0973077 0.1422359 0.1685578 0.1358664 0.1192674 0.3481839 0.1358664 0.1274980 0.1799478 0.0000000 0.1051819 0.1032017 0.1552236 0.1892504 9.0000000 0.5929580 0.6090022 9.0000000 9.0000000 9.0000000 9.0000000 9.0000000 
sepioteuthis_lessoniana      0.3449685 0.0800315 0.1963427 0.0973077 0.1618463 0.0973077 0.1192674 0.1091660 0.1618463 1.7186039 0.0857242 0.1337611 0.1799478 0.2651534 0.0762721 0.2818216 0.0895556 0.1422359 0.5723365 0.2207378 0.1640734 0.0744030 0.0914824 0.1869084 0.1596290 0.1379806 0.1465278 0.1316647 0.0762721 0.1401037 0.1358664 0.1213123 0.1091660 0.3449685 0.1213123 0.1012293 0.1422359 0.1051819 0.0000000 0.0781483 0.1233657 0.1596290 9.0000000 0.5477010 0.6485708 9.0000000 9.0000000 9.0000000 9.0000000 9.0000000 
thysanoteuthis_rhombus       0.3354444 0.0669954 0.1799478 0.0914824 0.1552236 0.0838194 0.1012293 0.0992647 0.1465278 1.1862485 0.0688370 0.1358664 0.1822573 0.2516755 0.0596960 0.2411488 0.0762721 0.1233657 0.5982491 0.2083915 0.1753606 0.0615109 0.0857242 0.1892504 0.1443772 0.1316647 0.1401037 0.1379806 0.0633324 0.1172307 0.1254276 0.1071700 0.0992647 0.2932507 0.0992647 0.0876363 0.1443772 0.1032017 0.0781483 0.0000000 0.1213123 0.1443772 9.0000000 0.5429163 0.6427228 9.0000000 9.0000000 9.0000000 9.0000000 9.0000000 
tremoctopus_violaceus        0.3645788 0.1111700 0.2059584 0.1465278 0.2083915 0.1131821 0.1530355 0.1508568 0.2132935 1.8301757 0.1172307 0.1776489 0.2083915 0.2597185 0.1032017 0.3108995 0.1213123 0.1822573 0.6604762 0.2516755 0.2108365 0.1172307 0.1401037 0.2257629 0.1963427 0.1822573 0.1916033 0.1845774 0.1111700 0.1799478 0.1799478 0.1552236 0.1422359 0.3849898 0.1508568 0.1379806 0.1776489 0.1552236 0.1233657 0.1213123 0.0000000 0.1869084 9.0000000 0.5574100 0.6255783 9.0000000 9.0000000 9.0000000 9.0000000 9.0000000 
bathyteuthis_abyssicola      0.4399903 0.1422359 0.2490229 0.1663106 0.2108365 0.1618463 0.1869084 0.1753606 0.2257629 1.7712842 0.1530355 0.2035371 0.2624286 0.3260983 0.1379806 0.3579562 0.1530355 0.2132935 0.6090022 0.2762036 0.2385514 0.1486876 0.1685578 0.2706479 0.2333967 0.2083915 0.2083915 0.2059584 0.1337611 0.2108365 0.2308391 0.1753606 0.1708151 0.3884741 0.1799478 0.1663106 0.1987293 0.1892504 0.1596290 0.1443772 0.1869084 0.0000000 9.0000000 0.5929580 0.6665368 9.0000000 9.0000000 9.0000000 9.0000000 9.0000000 
sepiadarium_kochi_okinawa    9.0000000 9.0000000 9.0000000 9.0000000 9.0000000 9.0000000 9.0000000 9.0000000 9.0000000 9.0000000 9.0000000 9.0000000 9.0000000 9.0000000 9.0000000 9.0000000 9.0000000 9.0000000 9.0000000 9.0000000 9.0000000 9.0000000 9.0000000 9.0000000 9.0000000 9.0000000 9.0000000 9.0000000 9.0000000 9.0000000 9.0000000 9.0000000 9.0000000 9.0000000 9.0000000 9.0000000 9.0000000 9.0000000 9.0000000 9.0000000 9.0000000 9.0000000 0.0000000 9.0000000 9.0000000 0.6851725 0.5825410 1.3976770 0.7904549 0.9448227 
spirula_spirula              0.7111524 0.5288308 0.6369424 0.5929580 0.6544881 0.5525320 0.5288308 0.4720012 0.6427228 9.0000000 0.5242225 0.6604762 0.5877224 0.7178639 0.5288308 0.6665368 0.5429163 0.5825410 1.3243752 0.6604762 0.6604762 0.5334820 0.5774127 0.7675501 0.6255783 0.6144667 0.6255783 0.5877224 0.5196563 0.5574100 0.5877224 0.5929580 0.5623362 0.6144667 0.5825410 0.5623362 0.6485708 0.5929580 0.5477010 0.5429163 0.5574100 0.5929580 9.0000000 0.0000000 1.0010616 9.0000000 9.0000000 9.0000000 9.0000000 9.0000000 
vampyroteuthis_infernalis    1.0511034 0.6144667 0.8063293 0.6544881 0.6604762 0.6665368 0.7246667 0.6199916 0.7528432 9.0000000 0.6427228 0.7045298 0.7111524 0.8847505 0.6035967 0.6604762 0.6199916 0.6544881 9.0000000 0.8063293 0.6915420 0.5982491 0.6851725 0.8396750 0.7315634 0.7045298 0.7601426 0.6144667 0.6144667 0.7385565 0.6604762 0.6090022 0.6915420 0.8942746 0.6199916 0.6199916 0.6665368 0.6090022 0.6485708 0.6427228 0.6255783 0.6665368 9.0000000 1.0010616 0.0000000 9.0000000 9.0000000 9.0000000 9.0000000 1.8969414 
engina_mendicaria            9.0000000 9.0000000 9.0000000 9.0000000 9.0000000 9.0000000 9.0000000 9.0000000 9.0000000 9.0000000 9.0000000 9.0000000 9.0000000 9.0000000 9.0000000 9.0000000 9.0000000 9.0000000 9.0000000 9.0000000 9.0000000 9.0000000 9.0000000 9.0000000 9.0000000 9.0000000 9.0000000 9.0000000 9.0000000 9.0000000 9.0000000 9.0000000 9.0000000 9.0000000 9.0000000 9.0000000 9.0000000 9.0000000 9.0000000 9.0000000 9.0000000 9.0000000 0.6851725 9.0000000 9.0000000 0.0000000 0.2182440 1.5874218 0.2570231 0.6369424 
gymnodoris_subflava          9.0000000 9.0000000 9.0000000 9.0000000 9.0000000 9.0000000 9.0000000 9.0000000 9.0000000 9.0000000 9.0000000 9.0000000 9.0000000 9.0000000 9.0000000 9.0000000 9.0000000 9.0000000 9.0000000 9.0000000 9.0000000 9.0000000 9.0000000 9.0000000 9.0000000 9.0000000 9.0000000 9.0000000 9.0000000 9.0000000 9.0000000 9.0000000 9.0000000 9.0000000 9.0000000 9.0000000 9.0000000 9.0000000 9.0000000 9.0000000 9.0000000 9.0000000 0.5825410 9.0000000 9.0000000 0.2182440 0.0000000 1.3476352 0.2411488 0.5723365 
chtenopteryx_sicula          9.0000000 9.0000000 9.0000000 9.0000000 9.0000000 9.0000000 9.0000000 9.0000000 9.0000000 1.5503678 9.0000000 9.0000000 9.0000000 9.0000000 9.0000000 9.0000000 9.0000000 9.0000000 1.8969414 9.0000000 9.0000000 9.0000000 9.0000000 1.9740167 9.0000000 9.0000000 9.0000000 9.0000000 9.0000000 9.0000000 9.0000000 9.0000000 9.0000000 9.0000000 9.0000000 9.0000000 9.0000000 9.0000000 9.0000000 9.0000000 9.0000000 9.0000000 1.3976770 9.0000000 9.0000000 1.5874218 1.3476352 0.0000000 1.5503678 1.5874218 
patelloida_saccharina        9.0000000 9.0000000 9.0000000 9.0000000 9.0000000 9.0000000 9.0000000 9.0000000 9.0000000 9.0000000 9.0000000 9.0000000 9.0000000 9.0000000 9.0000000 9.0000000 9.0000000 9.0000000 9.0000000 9.0000000 9.0000000 9.0000000 9.0000000 9.0000000 9.0000000 9.0000000 9.0000000 9.0000000 9.0000000 9.0000000 9.0000000 9.0000000 9.0000000 9.0000000 9.0000000 9.0000000 9.0000000 9.0000000 9.0000000 9.0000000 9.0000000 9.0000000 0.7904549 9.0000000 9.0000000 0.2570231 0.2411488 1.5503678 0.0000000 0.5017972 
nautilus_macromphalus        9.0000000 9.0000000 9.0000000 9.0000000 9.0000000 9.0000000 9.0000000 9.0000000 9.0000000 9.0000000 9.0000000 9.0000000 9.0000000 9.0000000 9.0000000 9.0000000 9.0000000 9.0000000 9.0000000 9.0000000 9.0000000 9.0000000 9.0000000 9.0000000 9.0000000 9.0000000 9.0000000 9.0000000 9.0000000 9.0000000 9.0000000 9.0000000 9.0000000 9.0000000 9.0000000 9.0000000 9.0000000 9.0000000 9.0000000 9.0000000 9.0000000 9.0000000 0.9448227 9.0000000 1.8969414 0.6369424 0.5723365 1.5874218 0.5017972 0.0000000 
